791b25aea920445e94026f5ad0747eab09|120105|69.0865,34.5876|69.1327,35.0549|77.58|Kabul
797c46abc45ffef59ee4152f85ea7372f9|120105|69.2334,34.5004|69.7101,33.9399|97.28|Kabul
79313e53d84e67db24bd9dc3190615dece|120105|69.177,34.5749|69.3226,35.1723|77.58|Kabul
796df8fd60317d657a63182cbcc15fce24|120105|69.1173,34.5725|69.1717,35.0163|77.58|Kabul
7910b9f2684299d151c2c1a612ec955ecf|120105|69.1319,34.5847|69.1757,35.0289|77.58|Kabul
7919767e0366a849dfee30b38868d3566c|120105|69.174,34.524|69.5991,34.9697|77.58|Kabul
79c1198f32877324fd593809bd5fe473b0|120105|69.1525,34.5102|69.277,35.1209|66.02|Kabul
7973693c6c4123057211734541d873ef02|120105|69.1251,34.5952|69.3238,35.1029|66.02|Kabul
7905416023386a824bb60080fd69d940d8|120105|69.1774,34.5363|69.5991,34.9697|77.58|Kabul
796226b184fb8af4a1c1fe7aac67680140|120105|69.1173,34.5725|69.0373,35.3146|111.99|Kabul
794b36b25d82e15607660eccd19674c8bc|120105|69.1254,34.568|69.3226,35.1723|77.58|Kabul
7915766f6db4c89cbaee4f3e2f560a2501|120105|69.1323,34.5378|69.3109,34.9914|77.58|Kabul
797344f5250ef778165dc04eb748944ab5|120105|69.0865,34.5876|69.2954,35.0706|66.02|Kabul
792e2328733d6f9e19c8f139442459990c|120105|69.1809,34.5178|69.0163,34.0081|90.42|Kabul
790923d6ca05f7224ec7f01bfc8b7666f1|120105|69.2589,34.5642|69.277,35.1209|66.02|Kabul
7966f28f3e645d4583103ba43e1b634fd0|120105|69.1377,34.4883|68.6608,33.9895|65.38|Kabul
79233efa2135a5a7772652096cc5476050|120105|69.1549,34.4792|68.9573,33.8143|90.42|Kabul
79c38209092187d942008fb0933970813e|120105|69.117,34.5073|68.7608,34.0805|65.38|Kabul
791210a22dd7d372b898c0d27a886a638d|120105|69.1566,34.5906|69.3238,35.1029|66.02|Kabul
79470a136917a523e6250ea59832cbad00|120105|69.079,34.6073|69.3288,35.0472|77.58|Kabul
7980879be5a5c05d853724de1222693c89|120105|69.1251,34.5952|69.3776,35.2145|102.05|Kabul
790e09593a66d1ef0e7094395fe3b15c9c|120105|69.1919,34.5285|68.9128,33.9417|65.38|Kabul
793591a0877932e60d914e8c622d10af66|120105|69.1655,34.5836|69.1717,35.0163|77.58|Kabul
79eab1627f39373ac0b52289007723d106|120105|69.1198,34.5159|68.6608,33.9895|65.38|Kabul
79cf2a19839a4c753aaedd88eb1aacc9b3|120105|69.2124,34.4985|69.0163,34.0081|90.42|Kabul
794a9d39b39a2099f82dba79c196529061|120105|69.2237,34.4686|69.2031,34.0085|90.42|Kabul
797d9d60bd8ed3c7df06ce7fd54d25096e|120105|69.1411,34.5923|69.3288,35.0472|77.58|Kabul
79b092551479131a395a074e20b9d8b1de|120105|69.2603,34.5602|69.2954,35.0706|66.02|Kabul
79e949f911e32998f8f36863d31882fe51|120105|69.1091,34.4837|69.237,35.1194|66.02|Kabul
79d2cb92d24e5dbd6975697bdc1c685ae9|120105|69.3632,34.5531|69.277,35.1209|66.02|Kabul
793148dfe1bf096cddf62627053dcfe1ea|120105|69.1756,34.5663|69.2949,35.1487|77.58|Kabul
795cb0b67bcc117a928652a3c8ac5a3f7c|120105|69.1463,34.5512|69.0373,35.3146|111.99|Kabul
795b7dc822c6f58ba2dbb00ec598482fbe|120105|69.1508,34.5337|69.0961,34.209|90.42|Kabul
79a9757c742a9297b21773484a66f056fd|120105|69.1566,34.5906|69.3776,35.2145|102.05|Kabul
79a0b52cf8a3f1806502140341ee0168a3|120105|69.1378,34.5033|69.2954,35.0706|66.02|Kabul
795050fb424a2e3ba60bf70e4ab5f2a86a|120105|69.1976,34.5017|68.8438,34.9957|64.76|Kabul
797b95b6a4630782781b8157e052ab3f7f|120105|69.1293,34.5902|69.1757,35.0289|77.58|Kabul
791d4d6817210f596788b1b389af6e4d3d|120105|69.1622,34.4363|69.5184,33.7834|97.28|Kabul
79fc0d8f2439becb3491025d526b52f515|120105|69.1769,34.5506|68.8438,34.9957|64.76|Kabul
79db11e6b42a4b92d754181217c613acf8|120105|69.2572,34.5104|68.9128,33.9417|65.38|Kabul
79e5f6b7c441a58aea5b4809e8deaf4215|120105|69.1293,34.5902|69.4727,35.2762|102.05|Kabul
7927367cd437087117a146905831943804|120105|69.1846,34.5361|69.1978,35.0767|77.58|Kabul
7984c5796f7791328bd72b37a349b68427|120105|69.1173,34.5725|69.3238,35.1029|66.02|Kabul
791b235d33867c228a570ed3f292dc5e81|120105|69.1822,34.5613|69.1533,34.8442|77.58|Kabul
79c50285721b87e7d5773909ce2117a655|120105|69.2102,34.5441|69.2954,35.0706|66.02|Kabul
79d878eb2cad8ab1232f096bbed1604cb2|120105|69.1534,34.5486|69.0961,34.209|90.42|Kabul
79aafa4c35e55b2664b98c94d152346bde|120105|69.1251,34.5952|69.2949,35.1487|77.58|Kabul
7995ecd1f31af7ba883624bb3ae305ede5|120105|69.0989,34.575|69.2954,35.0706|66.02|Kabul
79342f4fefc85e0241e53240b34e7f041a|120105|69.0735,34.6704|69.2262,34.9685|66.02|Kabul
7992c255e6c640da2590933683ad0264f1|120105|69.3111,34.542|69.5991,34.9697|77.58|Kabul
79fe76d482080f64889de4615cbe285195|120105|69.2006,34.521|69.3537,33.6852|146.01|Kabul
7953d3bc4337528bc75be7474a2c8bb143|120105|69.156,34.576|69.1667,35.0031|66.02|Kabul
79dd05336d81b635b913d186740f0737a8|120105|69.3178,34.5222|68.9128,33.9417|65.38|Kabul
79cfefc1a32c455f8b52eab248d3e3e44c|120105|69.1528,34.5588|69.2954,35.0706|66.02|Kabul
79dcb40b65a33e933dcd076c5c565cfd82|120105|69.2304,34.5456|68.8194,34.1512|65.38|Kabul
792626dcaff9634bb082481e6f89c4dd8c|120105|69.1293,34.5902|69.3238,35.1029|66.02|Kabul
79afbd97d2f57a2a5d4c8ae26cba54c18e|120105|69.147,34.5834|69.1978,35.0767|77.58|Kabul
79e020808838df690e2466bb8673fa507e|120105|69.1074,34.5302|69.3776,35.2145|102.05|Kabul
79b219edd766ef2a116a3934bee6ecfcae|120105|69.1293,34.5902|69.3776,35.2145|102.05|Kabul
79d409f66021aebc8d84b72dc4ffc7fcba|120105|69.1388,34.5774|69.3109,34.9914|77.58|Kabul
79c7c30af9a87b201ceba90ad9d8b1ce55|120105|69.0623,34.5247|68.5873,34.118|65.38|Kabul
796d169a674467bbbb237a9b615b1df6d3|120105|69.2528,34.5174|69.5184,33.7834|97.28|Kabul
792abbb9a581f29a15f6758d331f498d9f|120105|69.2621,34.6001|69.5184,33.7834|97.28|Kabul
79882f69219873f7a7ce3e4ac20125b159|120105|69.1611,34.5679|69.237,35.1194|66.02|Kabul
79cd226546cbfcaac4abc90dfed1462574|120105|69.1373,34.5512|69.2511,34.9433|77.58|Kabul
79d939f1dd13925cf49a0b4216453cca42|120105|69.0735,34.6704|69.237,34.9346|77.58|Kabul
797bfb27226696e43ff2b4f90b7f91d17c|120105|69.117,34.5073|68.9573,33.8143|90.42|Kabul
79a453652d31d15234ce1a5e0b49247c51|120105|69.2132,34.4892|69.0373,35.3146|111.99|Kabul
79a07a32d916e3a995e3f69e80f071eae8|120105|69.2132,34.4892|69.1881,34.8551|66.02|Kabul
799d8e16ca0cd3cf35d3415b68422a719a|120105|69.0865,34.5876|69.2846,34.9451|66.02|Kabul
7995167d273e9bafff9261990b8a069f3b|120105|69.1323,34.5378|69.3238,35.1029|66.02|Kabul
79fe3c0e2ec6af96c98a4a798fd2733099|120105|69.1836,34.5172|69.1679,34.9048|66.02|Kabul
7946301ec70486e87013db6a50adc54f44|120105|69.1508,34.5337|69.4727,35.2762|102.05|Kabul
795f9f4220e80cc6fc55a99058dda7b29a|120105|69.151,34.5651|69.2692,34.9401|77.58|Kabul
7935fe4da60445afe3e8ead84e995c63cc|120105|69.1373,34.5512|69.0373,35.3146|111.99|Kabul
79739a1717b57c2345ef2cc8461e686079|120105|69.1585,34.5303|69.1327,35.0549|77.58|Kabul
79627bb21453304692e562bb9154339f47|120105|69.2589,34.5642|69.1327,35.0549|77.58|Kabul
7973a903037428033b4ee1d9e425b5da2b|120105|69.1074,34.5302|69.2954,35.0706|66.02|Kabul
795d47a9a966065e68a50855754e80eaf8|120105|69.3111,34.542|69.5184,33.7834|97.28|Kabul
791b25aea920445e94026f5ad0747eab09|120106|69.0865,34.5876|69.1327,35.0549|77.58|Kabul
798de2e35301c45c2bef133f0b6820579d|120106|69.1464,34.3199|69.0961,34.209|90.42|Kabul
797c46abc45ffef59ee4152f85ea7372f9|120106|69.2334,34.5004|69.7101,33.9399|97.28|Kabul
7919472014fbac2775faa3a588679d9ed6|120106|69.3555,34.533|68.6913,34.1557|65.38|Kabul
79313e53d84e67db24bd9dc3190615dece|120106|69.177,34.5749|69.2949,35.1487|77.58|Kabul
796df8fd60317d657a63182cbcc15fce24|120106|69.1173,34.5725|69.1757,35.0289|77.58|Kabul
7910b9f2684299d151c2c1a612ec955ecf|120106|69.1319,34.5847|69.1667,35.0031|66.02|Kabul
79b8d76238240b4bab5e1c9e9e5dde1314|120106|69.2103,34.5372|69.3238,35.1029|66.02|Kabul
79c1198f32877324fd593809bd5fe473b0|120106|69.1525,34.5102|69.277,35.1209|66.02|Kabul
7973693c6c4123057211734541d873ef02|120106|69.1251,34.5952|69.3238,35.1029|66.02|Kabul
7900c85de725bced4db5c80bda24c18eeb|120106|69.1703,34.5295|69.049,33.9495|90.42|Kabul
7905416023386a824bb60080fd69d940d8|120106|69.1774,34.5363|69.5991,34.9697|77.58|Kabul
79aae123cbb5fd628c04c857d4e9110371|120106|69.1525,34.5102|69.0163,34.0081|90.42|Kabul
79406e02ec2923c0fe9bec22a808cba48c|120106|69.1343,34.5946|69.3238,35.1029|66.02|Kabul
794b36b25d82e15607660eccd19674c8bc|120106|69.1254,34.568|69.277,35.1209|66.02|Kabul
7915766f6db4c89cbaee4f3e2f560a2501|120106|69.1323,34.5378|69.3109,34.9914|77.58|Kabul
797344f5250ef778165dc04eb748944ab5|120106|69.0865,34.5876|69.2954,35.0706|66.02|Kabul
79cf5dd22b4d4e2905d8404ed6f077d12f|120106|69.1756,34.5663|69.3776,35.2145|102.05|Kabul
7953a14d404056f6c7077055bb66433e20|120106|69.1525,34.5102|69.2954,35.0706|66.02|Kabul
7966f28f3e645d4583103ba43e1b634fd0|120106|69.1377,34.4883|68.6608,33.9895|65.38|Kabul
791e713aa9b9763d70576bc0b708777b2f|120106|69.1769,34.5506|69.0961,34.209|90.42|Kabul
791210a22dd7d372b898c0d27a886a638d|120106|69.1566,34.5906|69.3238,35.1029|66.02|Kabul
793591a0877932e60d914e8c622d10af66|120106|69.1655,34.5836|69.1717,35.0163|77.58|Kabul
79eab1627f39373ac0b52289007723d106|120106|69.1198,34.5159|68.6608,33.9895|65.38|Kabul
79cf2a19839a4c753aaedd88eb1aacc9b3|120106|69.2124,34.4985|69.7101,33.9399|97.28|Kabul
791f918d1e754e222fb0ff3cae688236fd|120106|69.1238,34.5815|69.4727,35.2762|102.05|Kabul
79b092551479131a395a074e20b9d8b1de|120106|69.2603,34.5602|69.237,35.1194|66.02|Kabul
792341d1559cb9873f27c4f457c10235af|120106|69.2572,34.5104|69.3238,35.1029|66.02|Kabul
79e949f911e32998f8f36863d31882fe51|120106|69.1091,34.4837|69.237,35.1194|66.02|Kabul
79f22dcb7f6af4532724886a29d1a8ea2e|120106|69.1655,34.5836|69.2954,35.0706|66.02|Kabul
79d2cb92d24e5dbd6975697bdc1c685ae9|120106|69.3632,34.5531|69.277,35.1209|66.02|Kabul
79fd33acd2cec4d408004f3362b67b2d83|120106|69.1566,34.5906|69.0373,35.3146|111.99|Kabul
795b7dc822c6f58ba2dbb00ec598482fbe|120106|69.1508,34.5337|69.2665,33.6246|146.01|Kabul
79c41f8aac2803d9e4ff3515d730a0557e|120106|69.1694,34.5265|69.1667,35.0031|66.02|Kabul
79a9757c742a9297b21773484a66f056fd|120106|69.1566,34.5906|69.3776,35.2145|102.05|Kabul
792311d6723a49266fda85e6c16c48908f|120106|69.1622,34.4363|69.049,33.9495|90.42|Kabul
799fef20cca3bd0e8fbf56b8ddfd52078a|120106|69.1319,34.5847|69.3226,35.1723|77.58|Kabul
797b95b6a4630782781b8157e052ab3f7f|120106|69.1293,34.5902|69.2954,35.0706|66.02|Kabul
791d4d6817210f596788b1b389af6e4d3d|120106|69.1622,34.4363|69.5184,33.7834|97.28|Kabul
79b50e4320917adc5b28b1fc18afc9796b|120106|69.1976,34.5432|69.1679,34.9048|66.02|Kabul
79db11e6b42a4b92d754181217c613acf8|120106|69.2572,34.5104|68.9128,33.9417|65.38|Kabul
79e5f6b7c441a58aea5b4809e8deaf4215|120106|69.1293,34.5902|69.2949,35.1487|77.58|Kabul
79414e9e8c965c6ec398b99a897bab862f|120106|69.1173,34.5725|69.1327,35.0549|77.58|Kabul
7927367cd437087117a146905831943804|120106|69.1846,34.5361|69.1978,35.0767|77.58|Kabul
7984c5796f7791328bd72b37a349b68427|120106|69.1173,34.5725|69.3238,35.1029|66.02|Kabul
79baaba3dba20f12df7de16c820efaa11a|120106|69.1173,34.5725|69.237,35.1194|66.02|Kabul
79c50285721b87e7d5773909ce2117a655|120106|69.2102,34.5441|69.2954,35.0706|66.02|Kabul
79d878eb2cad8ab1232f096bbed1604cb2|120106|69.1534,34.5486|69.0961,34.209|90.42|Kabul
79aafa4c35e55b2664b98c94d152346bde|120106|69.1251,34.5952|69.2949,35.1487|77.58|Kabul
79c26a8838ccf6042197e3bb0a180ada69|120106|69.0865,34.5876|69.1717,35.0163|77.58|Kabul
7977a24b44c81b56238611c7140f76d6a4|120106|69.1437,34.5716|69.3226,35.1723|77.58|Kabul
792b411ccf35347aaa28a6f85219a79b3b|120106|69.1823,34.5108|69.1881,34.8551|66.02|Kabul
7938ec9a695a39d4d1f38657c3c840248f|120106|69.0698,34.5096|69.0163,34.0081|90.42|Kabul
79c47d6af76ec38047e0ba9125f3767200|120106|69.1784,34.5138|68.7608,34.0805|65.38|Kabul
7995ecd1f31af7ba883624bb3ae305ede5|120106|69.0989,34.575|69.2954,35.0706|66.02|Kabul
79342f4fefc85e0241e53240b34e7f041a|120106|69.0735,34.6704|69.2511,34.9433|77.58|Kabul
796e05c1210cd69c41d311eff7cc1bc568|120106|69.1452,34.5784|69.3238,35.1029|66.02|Kabul
7992c255e6c640da2590933683ad0264f1|120106|69.3111,34.542|69.5991,34.9697|77.58|Kabul
79fe76d482080f64889de4615cbe285195|120106|69.2006,34.521|69.3537,33.6852|146.01|Kabul
7953d3bc4337528bc75be7474a2c8bb143|120106|69.156,34.576|69.1717,35.0163|77.58|Kabul
79dd05336d81b635b913d186740f0737a8|120106|69.3178,34.5222|68.9128,33.9417|65.38|Kabul
793a369589b40208e9599831f8a2a523e4|120106|69.1809,34.5178|69.1667,35.0031|66.02|Kabul
7943fadb723f33ca1135419e6ac5b49a03|120106|69.2045,34.5559|68.9128,33.9417|65.38|Kabul
792b82cae333eae3fae713335d9e661f33|120106|69.1274,34.4753|69.2891,33.6413|146.01|Kabul
794e3dc0513e4accb44130c40ad37f5169|120106|69.2334,34.5004|69.3109,34.9914|77.58|Kabul
79afbd97d2f57a2a5d4c8ae26cba54c18e|120106|69.147,34.5834|69.1327,35.0549|77.58|Kabul
79b3183c27f5c6a8a8aa74476a2928627a|120106|69.1655,34.5836|69.2262,34.9685|66.02|Kabul
79e020808838df690e2466bb8673fa507e|120106|69.1074,34.5302|69.2949,35.1487|77.58|Kabul
79d409f66021aebc8d84b72dc4ffc7fcba|120106|69.1388,34.5774|69.424,35.0402|77.58|Kabul
796dd739dbca771c577cc99808e4497138|120106|69.2396,34.5057|69.0163,34.0081|90.42|Kabul
79c7c30af9a87b201ceba90ad9d8b1ce55|120106|69.0623,34.5247|68.5873,34.118|65.38|Kabul
79804bea34aafabfde1d35ef5031a2559c|120106|69.1787,34.516|69.0163,34.0081|90.42|Kabul
7914b87c282b0b89824532a4fb2edd3930|120106|69.2058,34.4978|69.7101,33.9399|97.28|Kabul
796d169a674467bbbb237a9b615b1df6d3|120106|69.2528,34.5174|69.3537,33.6852|146.01|Kabul
792abbb9a581f29a15f6758d331f498d9f|120106|69.2621,34.6001|69.5184,33.7834|97.28|Kabul
79a53c8c376ae0b5711d02f31c8006df22|120106|69.1173,34.5725|69.1327,35.0549|77.58|Kabul
7964e44742455dd800b3ea94fb84ce8713|120106|69.1611,34.5679|69.5991,34.9697|77.58|Kabul
7933215619b86ef9a779988176f3a2d566|120106|69.1312,34.5085|69.0163,34.0081|90.42|Kabul
79882f69219873f7a7ce3e4ac20125b159|120106|69.1611,34.5679|69.2508,35.0881|77.58|Kabul
79d939f1dd13925cf49a0b4216453cca42|120106|69.0735,34.6704|69.237,34.9346|77.58|Kabul
79c5f158670fd8a2d33bf20da732138a02|120106|69.2442,34.4789|69.0961,34.209|90.42|Kabul
7981b18d1b0e55bb8d386ee1f6c69ae318|120106|69.0865,34.5876|69.1327,35.0549|77.58|Kabul
797bfb27226696e43ff2b4f90b7f91d17c|120106|69.117,34.5073|68.9573,33.8143|90.42|Kabul
799d8e16ca0cd3cf35d3415b68422a719a|120106|69.0865,34.5876|69.1667,35.0031|66.02|Kabul
799d590c982c9a7cf5e6ffd241ec097310|120106|69.1342,34.465|69.2954,35.0706|66.02|Kabul
7915a3c615a872e948d39099a64304e0f2|120106|69.0791,34.5252|68.5873,34.118|65.38|Kabul
7973aab952d0fbcc31d49e6737e3f71d6a|120106|69.1822,34.5613|69.3238,35.1029|66.02|Kabul
7939ae316f502895d7a375e529e0f87ba2|120106|69.2932,34.5438|69.0163,34.0081|90.42|Kabul
7946301ec70486e87013db6a50adc54f44|120106|69.1508,34.5337|69.4727,35.2762|102.05|Kabul
795f9f4220e80cc6fc55a99058dda7b29a|120106|69.151,34.5651|69.2846,34.9451|66.02|Kabul
7935fe4da60445afe3e8ead84e995c63cc|120106|69.1373,34.5512|69.0373,35.3146|111.99|Kabul
79627bb21453304692e562bb9154339f47|120106|69.2589,34.5642|69.1717,35.0163|77.58|Kabul
79305bd8aca9009369d51f5aa747062517|120106|69.1445,34.4709|69.0163,34.0081|90.42|Kabul
79d6f66adb0c05f26601394784040007ce|120106|69.1387,34.5342|69.1679,34.9048|66.02|Kabul
79f60f26ee1918b63bfcdc9090a44fbef1|120106|69.1373,34.5512|69.2262,34.9685|66.02|Kabul
791b25aea920445e94026f5ad0747eab09|120107|69.0865,34.5876|69.1978,35.0767|77.58|Kabul
797c46abc45ffef59ee4152f85ea7372f9|120107|69.2334,34.5004|69.7101,33.9399|97.28|Kabul
798685d62efb3f5757eb380994c4d32a6e|120107|69.1437,34.5716|69.2511,34.9433|77.58|Kabul
7910b9f2684299d151c2c1a612ec955ecf|120107|69.1319,34.5847|69.1667,35.0031|66.02|Kabul
79c1198f32877324fd593809bd5fe473b0|120107|69.1525,34.5102|69.237,35.1194|66.02|Kabul
7973693c6c4123057211734541d873ef02|120107|69.1251,34.5952|69.3238,35.1029|66.02|Kabul
79089121424fba080406c416188432e0ce|120107|69.0791,34.5252|68.8194,34.1512|65.38|Kabul
7986d2f7cac1ab9f8ed413150f4efa880e|120107|69.1655,34.5836|69.1679,34.9048|66.02|Kabul
79adea7f0dd70734dc10c0989e2c1c6b4f|120107|69.252,34.5516|69.237,35.1194|66.02|Kabul
79d792bcaa82dbb1a5dfc41dbcf5a798db|120107|69.2304,34.5456|69.6481,34.8496|77.58|Kabul
79cf5dd22b4d4e2905d8404ed6f077d12f|120107|69.1756,34.5663|69.3776,35.2145|102.05|Kabul
790923d6ca05f7224ec7f01bfc8b7666f1|120107|69.2589,34.5642|69.277,35.1209|66.02|Kabul
797ea067086277ad305fc06625851ea2bf|120107|69.1992,34.5092|69.0163,34.0081|90.42|Kabul
7966f28f3e645d4583103ba43e1b634fd0|120107|69.1377,34.4883|68.6608,33.9895|65.38|Kabul
79666d36503176a296b95a2508d9983c3c|120107|69.1388,34.5774|69.237,35.1194|66.02|Kabul
79a469251274859fd719697a1ba9060665|120107|69.1319,34.5847|69.2954,35.0706|66.02|Kabul
796ff61833a157ad4d974da77bd8cfaac7|120107|69.1406,34.5193|69.2846,34.9451|66.02|Kabul
79cf2a19839a4c753aaedd88eb1aacc9b3|120107|69.2124,34.4985|69.1539,33.7558|146.01|Kabul
79b092551479131a395a074e20b9d8b1de|120107|69.2603,34.5602|69.2508,35.0881|77.58|Kabul
79190f3a28ce6098112bccebb3fab72789|120107|69.1563,34.4069|69.0961,34.209|90.42|Kabul
7900909fdca751887a62e14319562332b3|120107|69.2745,34.4694|69.5184,33.7834|97.28|Kabul
795cb0b67bcc117a928652a3c8ac5a3f7c|120107|69.1463,34.5512|69.237,35.1194|66.02|Kabul
79fd4083681e4a7266b07c3105a3df11bf|120107|69.1508,34.5337|69.2511,34.9433|77.58|Kabul
79fd33acd2cec4d408004f3362b67b2d83|120107|69.1566,34.5906|69.1679,34.9048|66.02|Kabul
795b7dc822c6f58ba2dbb00ec598482fbe|120107|69.1508,34.5337|69.2665,33.6246|146.01|Kabul
798a1e9c2f8c1758f3373083facae6d06f|120107|69.1198,34.5159|69.0373,35.3146|111.99|Kabul
7910015f4bebf013123d136eea841f06f1|120107|69.2036,34.4691|69.7101,33.9399|97.28|Kabul
795050fb424a2e3ba60bf70e4ab5f2a86a|120107|69.1976,34.5017|69.1978,35.0767|77.58|Kabul
79b50e4320917adc5b28b1fc18afc9796b|120107|69.1976,34.5432|69.1679,34.9048|66.02|Kabul
79aa82827c6c619d688573bdfc2b6ae519|120107|69.2048,34.5391|69.0163,34.0081|90.42|Kabul
79793a6161905c67244973d9f2ff06fb92|120107|69.1655,34.5836|69.3109,34.9914|77.58|Kabul
79db11e6b42a4b92d754181217c613acf8|120107|69.2572,34.5104|69.1539,33.7558|146.01|Kabul
79e5f6b7c441a58aea5b4809e8deaf4215|120107|69.1293,34.5902|69.4727,35.2762|102.05|Kabul
79414e9e8c965c6ec398b99a897bab862f|120107|69.1173,34.5725|69.1327,35.0549|77.58|Kabul
79b33b41423d2862dba47600b35cffe429|120107|69.1822,34.5613|69.237,35.1194|66.02|Kabul
7946598ab145326ea913dc4197f753b68a|120107|69.1099,34.5001|69.237,35.1194|66.02|Kabul
79f63177e6452b1818f034caca78c18c42|120107|69.1251,34.5952|69.2949,35.1487|77.58|Kabul
79ed7e7d6caa3bedae4c69eacf2ed6cc2c|120107|69.156,34.576|69.1717,35.0163|77.58|Kabul
79ca7f8ce438ede74d7398145bf9d1922e|120107|69.1343,34.5946|69.277,35.1209|66.02|Kabul
7955ef845341a0ef564f4c988a7e15bad2|120107|69.1822,34.5613|69.3288,35.0472|77.58|Kabul
79c50285721b87e7d5773909ce2117a655|120107|69.2102,34.5441|69.2954,35.0706|66.02|Kabul
79aafa4c35e55b2664b98c94d152346bde|120107|69.1251,34.5952|69.2949,35.1487|77.58|Kabul
799a372fab43ab4144111b373c76c5bd5f|120107|69.151,34.5651|69.0373,35.3146|111.99|Kabul
7937f73e251edafce20756c75f4bfd43fa|120107|69.2304,34.5456|69.6481,34.8496|77.58|Kabul
790f5ecb615af5e48397149b47cd5bafc7|120107|69.0623,34.5247|69.1533,34.8442|77.58|Kabul
7977a24b44c81b56238611c7140f76d6a4|120107|69.1437,34.5716|69.277,35.1209|66.02|Kabul
792b411ccf35347aaa28a6f85219a79b3b|120107|69.1823,34.5108|69.1881,34.8551|66.02|Kabul
7995ecd1f31af7ba883624bb3ae305ede5|120107|69.0989,34.575|69.2954,35.0706|66.02|Kabul
79342f4fefc85e0241e53240b34e7f041a|120107|69.0735,34.6704|69.2262,34.9685|66.02|Kabul
7902e56bc6794f4167cd2dbe33e79a4c89|120107|69.1441,34.5132|68.7131,34.0002|65.38|Kabul
7953d3bc4337528bc75be7474a2c8bb143|120107|69.156,34.576|69.1667,35.0031|66.02|Kabul
79dd05336d81b635b913d186740f0737a8|120107|69.3178,34.5222|68.8054,34.0101|65.38|Kabul
7903e4259d81a8fc57b4a174e5e07b1c60|120107|69.0232,34.4871|68.9573,33.8143|90.42|Kabul
7943fadb723f33ca1135419e6ac5b49a03|120107|69.2045,34.5559|69.1539,33.7558|146.01|Kabul
79dcb40b65a33e933dcd076c5c565cfd82|120107|69.2304,34.5456|68.6574,33.8868|65.38|Kabul
79afbd97d2f57a2a5d4c8ae26cba54c18e|120107|69.147,34.5834|69.1717,35.0163|77.58|Kabul
79b219edd766ef2a116a3934bee6ecfcae|120107|69.1293,34.5902|69.4727,35.2762|102.05|Kabul
79d409f66021aebc8d84b72dc4ffc7fcba|120107|69.1388,34.5774|69.3288,35.0472|77.58|Kabul
79c7c30af9a87b201ceba90ad9d8b1ce55|120107|69.0623,34.5247|68.5873,34.118|65.38|Kabul
79804bea34aafabfde1d35ef5031a2559c|120107|69.1787,34.516|69.2031,34.0085|90.42|Kabul
7914b87c282b0b89824532a4fb2edd3930|120107|69.2058,34.4978|69.7101,33.9399|97.28|Kabul
79882f69219873f7a7ce3e4ac20125b159|120107|69.1611,34.5679|69.3238,35.1029|66.02|Kabul
79646c401e4ebebe988277d60438c18b10|120107|69.1926,34.5148|69.237,35.1194|66.02|Kabul
79d939f1dd13925cf49a0b4216453cca42|120107|69.0735,34.6704|69.237,34.9342|66.02|Kabul
79060b8fd1090f96f02a292036fa4ba8d1|120107|69.2124,34.4985|69.0373,35.3146|111.99|Kabul
799d8e16ca0cd3cf35d3415b68422a719a|120107|69.0865,34.5876|69.2846,34.9451|66.02|Kabul
7995167d273e9bafff9261990b8a069f3b|120107|69.1323,34.5378|69.3238,35.1029|66.02|Kabul
79120281442f81906383014c863dc795f8|120107|69.0434,34.5334|68.7131,34.0002|65.38|Kabul
7915a3c615a872e948d39099a64304e0f2|120107|69.0791,34.5252|68.6913,34.1557|65.38|Kabul
79a0f4e26dd03c5a67ea08c35afbfe4d1f|120107|69.0865,34.5876|68.8438,34.9957|64.76|Kabul
795f9f4220e80cc6fc55a99058dda7b29a|120107|69.151,34.5651|69.1667,35.0031|66.02|Kabul
79944eb96ea65dfe8e96ee18e8b03ca512|120107|69.3116,34.5494|69.2954,35.0706|66.02|Kabul
79db054afce31933602477f47d2df6d539|120107|69.1905,34.5234|69.237,35.1194|66.02|Kabul
7935fe4da60445afe3e8ead84e995c63cc|120107|69.1373,34.5512|69.0373,35.3146|111.99|Kabul
793cca0ae27dd7f4c96b58b929651fa0a9|120107|69.2337,34.5301|69.1679,34.9048|66.02|Kabul
7973a903037428033b4ee1d9e425b5da2b|120107|69.1074,34.5302|69.2954,35.0706|66.02|Kabul
79413279cc0b57bd74798f1e009b4352d6|120107|69.2237,34.4686|68.9573,33.8143|90.42|Kabul
7913949026e0e2232454ccbda4e73a9416|120107|69.2024,34.5784|69.237,35.1194|66.02|Kabul
797c46abc45ffef59ee4152f85ea7372f9|120108|69.2334,34.5004|69.7101,33.9399|97.28|Kabul
798685d62efb3f5757eb380994c4d32a6e|120108|69.1437,34.5716|69.2511,34.9433|77.58|Kabul
7995d9ed4774c7e8fafaa328eff939af7b|120108|69.0623,34.5247|68.8438,34.9957|64.76|Kabul
79260d87dd369638905a68c9fb53a573aa|120108|69.1391,34.546|69.0373,35.3146|111.99|Kabul
792344cd3d26a6facc3349dca0f5659355|120108|69.1976,34.5017|69.7101,33.9399|97.28|Kabul
7905416023386a824bb60080fd69d940d8|120108|69.1774,34.5363|69.3109,34.9914|77.58|Kabul
790109078f5a28cb7568abdf9e937f5e59|120108|69.1173,34.5725|69.1717,35.0163|77.58|Kabul
7995b4f4d935e88be82e23bbb55ba663ee|120108|69.1611,34.5679|69.424,35.0402|77.58|Kabul
7907038ef8941df80f05276ff985c800fd|120108|69.1919,34.5285|68.8194,34.1512|65.38|Kabul
7966f28f3e645d4583103ba43e1b634fd0|120108|69.1377,34.4883|68.7131,34.0002|65.38|Kabul
79233efa2135a5a7772652096cc5476050|120108|69.1549,34.4792|68.9573,33.8143|90.42|Kabul
79a469251274859fd719697a1ba9060665|120108|69.1319,34.5847|69.3288,35.0472|77.58|Kabul
79723b3fe8db7839c67d4b76875777ca13|120108|69.2396,34.5057|69.049,33.9495|90.42|Kabul
79b092551479131a395a074e20b9d8b1de|120108|69.2603,34.5602|69.2954,35.0706|66.02|Kabul
7900909fdca751887a62e14319562332b3|120108|69.2745,34.4694|69.5184,33.7834|97.28|Kabul
795b7dc822c6f58ba2dbb00ec598482fbe|120108|69.1508,34.5337|69.0163,34.0081|90.42|Kabul
79df8996b04f4edd70eaba86f8b2b01c7a|120108|69.1238,34.5815|69.2954,35.0706|66.02|Kabul
797b95b6a4630782781b8157e052ab3f7f|120108|69.1293,34.5902|69.1757,35.0289|77.58|Kabul
79a4c12248043050639d6e5bdd639b6d28|120108|69.2262,34.5098|69.0961,34.209|90.42|Kabul
79b50e4320917adc5b28b1fc18afc9796b|120108|69.1976,34.5432|69.1533,34.8442|77.58|Kabul
7912f22642286ece098bf4c6dc236dfc5c|120108|69.1622,34.4363|68.9573,33.8143|90.42|Kabul
79aa82827c6c619d688573bdfc2b6ae519|120108|69.2048,34.5391|69.0163,34.0081|90.42|Kabul
79cb682574b8f2d885143add85159d55ab|120108|69.0434,34.5334|69.0373,35.3146|111.99|Kabul
79414e9e8c965c6ec398b99a897bab862f|120108|69.1173,34.5725|69.1327,35.0549|77.58|Kabul
79f63177e6452b1818f034caca78c18c42|120108|69.1251,34.5952|69.2949,35.1487|77.58|Kabul
79f95e3ca7fc0950dcc3fff7621c59b712|120108|69.2237,34.4686|69.1327,35.0549|77.58|Kabul
7908fa89000fbdf156616e9df37146fec5|120108|69.1669,34.5358|69.0373,35.3146|111.99|Kabul
79c50285721b87e7d5773909ce2117a655|120108|69.2102,34.5441|69.2954,35.0706|66.02|Kabul
79d878eb2cad8ab1232f096bbed1604cb2|120108|69.1534,34.5486|69.0961,34.209|90.42|Kabul
79d8f1e03054cdea59d99c0f622df0cd21|120108|69.2621,34.6001|69.0373,35.3146|111.99|Kabul
7977a24b44c81b56238611c7140f76d6a4|120108|69.1437,34.5716|69.2949,35.1487|77.58|Kabul
7995ecd1f31af7ba883624bb3ae305ede5|120108|69.0989,34.575|69.2954,35.0706|66.02|Kabul
7902e56bc6794f4167cd2dbe33e79a4c89|120108|69.1441,34.5132|68.6608,33.9895|65.38|Kabul
79aa3773bfcdd4362c5343b4e19646f0a7|120108|69.1622,34.4363|68.9128,33.9417|65.38|Kabul
79dd05336d81b635b913d186740f0737a8|120108|69.3178,34.5222|68.9128,33.9417|65.38|Kabul
7903e4259d81a8fc57b4a174e5e07b1c60|120108|69.0232,34.4871|68.9573,33.8143|90.42|Kabul
7943fadb723f33ca1135419e6ac5b49a03|120108|69.2045,34.5559|68.9128,33.9417|65.38|Kabul
79dcb40b65a33e933dcd076c5c565cfd82|120108|69.2304,34.5456|68.8194,34.1512|65.38|Kabul
794e3dc0513e4accb44130c40ad37f5169|120108|69.2334,34.5004|69.3109,34.9914|77.58|Kabul
792626dcaff9634bb082481e6f89c4dd8c|120108|69.1293,34.5902|69.2949,35.1487|77.58|Kabul
79afbd97d2f57a2a5d4c8ae26cba54c18e|120108|69.147,34.5834|69.1667,35.0031|66.02|Kabul
79e2a6fa3b8fa615e77c36def0e8816486|120108|69.1314,34.5756|69.1978,35.0767|77.58|Kabul
7914b87c282b0b89824532a4fb2edd3930|120108|69.2058,34.4978|69.7101,33.9399|97.28|Kabul
79f5b84ccc7cdd5d7944fab853cdf0a0f5|120108|69.1655,34.5836|69.0373,35.3146|111.99|Kabul
796ae48814a4140c09527e264abec9c364|120108|69.177,34.5749|69.4727,35.2762|102.05|Kabul
79125da6d91984609ee469e8db8d5653e8|120108|69.2442,34.4789|69.0163,34.0081|90.42|Kabul
7933215619b86ef9a779988176f3a2d566|120108|69.1312,34.5085|69.7101,33.9399|97.28|Kabul
79882f69219873f7a7ce3e4ac20125b159|120108|69.1611,34.5679|69.2954,35.0706|66.02|Kabul
79b35258ccc16cab01b131b7ff0ce749fe|120108|69.2621,34.6001|69.049,33.9495|90.42|Kabul
799d8e16ca0cd3cf35d3415b68422a719a|120108|69.0865,34.5876|69.1327,35.0549|77.58|Kabul
792e02d90e1b4c08be036af4a17ce78d13|120108|69.1463,34.5512|68.2585,34.8875|50.68|Kabul
79a0f4e26dd03c5a67ea08c35afbfe4d1f|120108|69.0865,34.5876|68.8438,34.9957|64.76|Kabul
79a452c526b233ed89beb3dbc62855ecf4|120108|69.1099,34.5001|69.0373,35.3146|111.99|Kabul
7902de437e3fab95263b1c4b7eb03b5388|120108|69.141,34.4792|68.9573,33.8143|90.42|Kabul
79607ad82962f11edc235cb21a4d54cb14|120108|69.1836,34.5172|69.1327,35.0549|77.58|Kabul
79f21156239a0ef0be27a53b032eb0f176|120108|69.2132,34.4892|68.9573,33.8143|90.42|Kabul
794994d7e835fb9a003a40bc7d4123de97|120108|69.1589,34.5097|69.3288,35.0472|77.58|Kabul
7973a903037428033b4ee1d9e425b5da2b|120108|69.1074,34.5302|69.2954,35.0706|66.02|Kabul
799f3b177d1be5353883b7b2f3a329d850|120108|69.1508,34.5337|69.0373,35.3146|111.99|Kabul
79413279cc0b57bd74798f1e009b4352d6|120108|69.2237,34.4686|68.9573,33.8143|90.42|Kabul
7909e2c5a8a8237549900e138ad9500104|120108|69.1976,34.5017|69.5991,34.9697|77.58|Kabul
795d47a9a966065e68a50855754e80eaf8|120108|69.3111,34.542|69.5184,33.7834|97.28|Kabul
798685d62efb3f5757eb380994c4d32a6e|120109|69.1437,34.5716|69.2262,34.9685|66.02|Kabul
79313e53d84e67db24bd9dc3190615dece|120109|69.177,34.5749|69.3226,35.1723|77.58|Kabul
79929e62a26b360cc961d707a9b778a98c|120109|69.1368,34.5563|69.237,35.1194|66.02|Kabul
79260e47597f2015c100b2e2dcb6022390|120109|69.3111,34.542|69.237,35.1194|66.02|Kabul
792344cd3d26a6facc3349dca0f5659355|120109|69.1976,34.5017|69.7101,33.9399|97.28|Kabul
79d792bcaa82dbb1a5dfc41dbcf5a798db|120109|69.2304,34.5456|69.6481,34.8496|77.58|Kabul
79a6dcc2bcfa23f541a8bb381384888001|120109|69.1525,34.5102|69.237,35.1194|66.02|Kabul
790109078f5a28cb7568abdf9e937f5e59|120109|69.1173,34.5725|69.1667,35.0031|66.02|Kabul
7913f1cc43ec6189b1d3b136b6c951f706|120109|69.1251,34.5952|69.4727,35.2762|102.05|Kabul
797344f5250ef778165dc04eb748944ab5|120109|69.0865,34.5876|69.2954,35.0706|66.02|Kabul
7955d1bef65a7dc27eaadae0f525ae2b16|120109|69.1411,34.5923|69.1533,34.8442|77.58|Kabul
79871147192a33b7f981f0a6f92fdfeb82|120109|69.1622,34.4363|69.1539,33.7558|146.01|Kabul
7995b4f4d935e88be82e23bbb55ba663ee|120109|69.1611,34.5679|69.3288,35.0472|77.58|Kabul
79470a136917a523e6250ea59832cbad00|120109|69.079,34.6073|69.3226,35.1723|77.58|Kabul
79fe9ee29136ac0d664b99bf49e122da70|120109|69.0649,34.4992|68.8194,34.1512|65.38|Kabul
7991f78ed07c78bee72348061b9a86c7da|120109|69.147,34.5834|69.237,35.1194|66.02|Kabul
790f45efaf2cf62e9c219efe925802ddd3|120109|69.147,34.5834|69.3238,35.1029|66.02|Kabul
79cf2a19839a4c753aaedd88eb1aacc9b3|120109|69.2124,34.4985|69.0961,34.209|90.42|Kabul
7925ac4562524cb82d97d036697508777e|120109|69.2103,34.5372|69.2846,34.9585|77.58|Kabul
79562a14d7e077e0e52f5536cb46081c66|120109|69.2621,34.6001|69.2954,35.0706|66.02|Kabul
79b092551479131a395a074e20b9d8b1de|120109|69.2603,34.5602|69.2508,35.0881|77.58|Kabul
792341d1559cb9873f27c4f457c10235af|120109|69.2572,34.5104|69.2954,35.0706|66.02|Kabul
796be250e139db0de57a7d662bbc11c202|120109|69.1655,34.5836|69.2954,35.0706|66.02|Kabul
792d7a0f38733463e551b198292054fc71|120109|69.1611,34.5679|69.1757,35.0289|77.58|Kabul
795b7dc822c6f58ba2dbb00ec598482fbe|120109|69.1508,34.5337|69.2891,33.6413|146.01|Kabul
7999a04b597e0011536addc0cb4d747b17|120109|69.1238,34.5815|69.1679,34.9048|66.02|Kabul
79df8996b04f4edd70eaba86f8b2b01c7a|120109|69.1238,34.5815|69.1327,35.0549|77.58|Kabul
792311d6723a49266fda85e6c16c48908f|120109|69.1622,34.4363|69.2665,33.6246|146.01|Kabul
795050fb424a2e3ba60bf70e4ab5f2a86a|120109|69.1976,34.5017|68.8742,34.998|66.51|Kabul
7912f22642286ece098bf4c6dc236dfc5c|120109|69.1622,34.4363|68.9573,33.8143|90.42|Kabul
79414e9e8c965c6ec398b99a897bab862f|120109|69.1173,34.5725|69.1327,35.0549|77.58|Kabul
79a6d30e7f45929189b96194235123d21c|120109|69.1585,34.5303|69.4727,35.2762|102.05|Kabul
79f63177e6452b1818f034caca78c18c42|120109|69.1251,34.5952|69.1757,35.0289|77.58|Kabul
79f95e3ca7fc0950dcc3fff7621c59b712|120109|69.2237,34.4686|69.1327,35.0549|77.58|Kabul
7908fa89000fbdf156616e9df37146fec5|120109|69.1669,34.5358|69.237,35.1194|66.02|Kabul
792ada5901bfe4c47e9d464f94b628c6b3|120109|69.1797,34.584|69.0373,35.3146|111.99|Kabul
793de9aa601a37cc366017a8f492ca2185|120109|69.1756,34.5663|69.237,35.1194|66.02|Kabul
79d878eb2cad8ab1232f096bbed1604cb2|120109|69.1534,34.5486|69.0961,34.209|90.42|Kabul
799a372fab43ab4144111b373c76c5bd5f|120109|69.151,34.5651|69.237,35.1194|66.02|Kabul
7995ecd1f31af7ba883624bb3ae305ede5|120109|69.0989,34.575|69.1327,35.0549|77.58|Kabul
7902e56bc6794f4167cd2dbe33e79a4c89|120109|69.1441,34.5132|68.6608,33.9895|65.38|Kabul
79aa3773bfcdd4362c5343b4e19646f0a7|120109|69.1622,34.4363|69.049,33.9495|90.42|Kabul
79f0d9f0e47f8659103bbbbcac218ee0ce|120109|69.1534,34.5486|69.1679,34.9048|66.02|Kabul
79dd05336d81b635b913d186740f0737a8|120109|69.3178,34.5222|68.9128,33.9417|65.38|Kabul
79cfefc1a32c455f8b52eab248d3e3e44c|120109|69.1528,34.5588|69.2954,35.0706|66.02|Kabul
7903e4259d81a8fc57b4a174e5e07b1c60|120109|69.0232,34.4871|68.9573,33.8143|90.42|Kabul
79f1ce29708c4f3f92b0718ccad02e9b51|120109|69.1694,34.5265|69.2954,35.0706|66.02|Kabul
79dcb40b65a33e933dcd076c5c565cfd82|120109|69.2304,34.5456|68.8194,34.1512|65.38|Kabul
79f02251562dffbb4c10b028a4fc9223ee|120109|69.2222,34.4996|69.3226,35.1723|77.58|Kabul
79afbd97d2f57a2a5d4c8ae26cba54c18e|120109|69.147,34.5834|69.1717,35.0163|77.58|Kabul
79b3183c27f5c6a8a8aa74476a2928627a|120109|69.1655,34.5836|69.237,34.9346|77.58|Kabul
79bfba9fa09485e8ca48417f2314ac95ad|120109|69.1611,34.5679|69.237,35.1194|66.02|Kabul
79b219edd766ef2a116a3934bee6ecfcae|120109|69.1293,34.5902|69.4727,35.2762|102.05|Kabul
79d409f66021aebc8d84b72dc4ffc7fcba|120109|69.1388,34.5774|69.424,35.0402|77.58|Kabul
793663f9bad61e19e33be8fb69458a9bc1|120109|69.2228,34.5354|69.0961,34.209|90.42|Kabul
7964e44742455dd800b3ea94fb84ce8713|120109|69.1611,34.5679|69.5991,34.9697|77.58|Kabul
7933215619b86ef9a779988176f3a2d566|120109|69.1312,34.5085|69.5184,33.7834|97.28|Kabul
79882f69219873f7a7ce3e4ac20125b159|120109|69.1611,34.5679|69.3288,35.0472|77.58|Kabul
794430a0d93b1c88c83cec0e0ac04c5190|120109|69.0958,34.5116|69.0373,35.3146|111.99|Kabul
79565ebd81b7806d1f9dc0ea61fbcb221e|120109|69.1074,34.5302|69.0163,34.0081|90.42|Kabul
7959e6bddaad643cbe4d96d605ac00d1b5|120109|69.146,34.5031|69.1533,34.8442|77.58|Kabul
79054da7b5ef5e5efd814dc905813aaaea|120109|69.3296,34.5098|68.8054,34.0101|65.38|Kabul
791d815bda3f83850c429bd6cc5d5c6f87|120109|69.1585,34.5303|69.2949,35.1487|77.58|Kabul
79bfe094f7119376658a5b28c78ea0de7e|120109|69.1373,34.5512|69.6481,34.8496|77.58|Kabul
792e02d90e1b4c08be036af4a17ce78d13|120109|69.1463,34.5512|68.8438,34.9957|64.76|Kabul
799d590c982c9a7cf5e6ffd241ec097310|120109|69.1342,34.465|69.2954,35.0706|66.02|Kabul
7906fb13d08e5dbacb68c3bfeb01f26fe6|120109|69.1669,34.5358|69.237,35.1194|66.02|Kabul
79a0f4e26dd03c5a67ea08c35afbfe4d1f|120109|69.0865,34.5876|68.8438,34.9957|64.76|Kabul
797fab102ede974f3f83dc4137154282fb|120109|69.3116,34.5494|69.277,35.1209|66.02|Kabul
7902de437e3fab95263b1c4b7eb03b5388|120109|69.141,34.4792|68.9573,33.8143|90.42|Kabul
79607ad82962f11edc235cb21a4d54cb14|120109|69.1836,34.5172|69.2262,34.9685|66.02|Kabul
797bf87a9074649643d88fd804b7ffe008|120109|69.2036,34.4691|69.4727,35.2762|102.05|Kabul
79f21156239a0ef0be27a53b032eb0f176|120109|69.2132,34.4892|68.9573,33.8143|90.42|Kabul
794994d7e835fb9a003a40bc7d4123de97|120109|69.1589,34.5097|69.3288,35.0472|77.58|Kabul
79413279cc0b57bd74798f1e009b4352d6|120109|69.2237,34.4686|68.9573,33.8143|90.42|Kabul
7909e2c5a8a8237549900e138ad9500104|120109|69.1976,34.5017|69.5991,34.9697|77.58|Kabul
7985324683db7dcc8dffdb0f1c8e833155|120109|69.3599,34.5462|68.9573,33.8143|90.42|Kabul
792344cd3d26a6facc3349dca0f5659355|120110|69.1976,34.5017|69.5184,33.7834|97.28|Kabul
794c7f33a97346ef985ded3ede1258ffd3|120110|69.1464,34.3199|69.0961,34.209|90.42|Kabul
79dceef95bb0b9ce7df528157d15d014fc|120110|69.2589,34.5642|68.7131,34.0002|65.38|Kabul
795223379976c182fa21b5b49a62f60e85|120110|69.1293,34.5902|69.1327,35.0549|77.58|Kabul
79ce71be1be298ed342de45babf5657528|120110|69.1441,34.5132|69.237,35.1194|66.02|Kabul
79674cc7181553bafd5d3f3e97d476e0ae|120110|69.3175,34.5153|68.9897,35.0326|66.02|Kabul
79470a136917a523e6250ea59832cbad00|120110|69.079,34.6073|69.3288,35.0472|77.58|Kabul
7904aa2936233b41b74dc63c085376327d|120110|69.0774,34.6215|69.1881,34.8551|66.02|Kabul
7992fd096278bc937d31e79115e544159d|120110|69.156,34.576|69.1533,34.8442|77.58|Kabul
7925ac4562524cb82d97d036697508777e|120110|69.2103,34.5372|69.5991,34.9697|77.58|Kabul
79562a14d7e077e0e52f5536cb46081c66|120110|69.2621,34.6001|69.2954,35.0706|66.02|Kabul
79b092551479131a395a074e20b9d8b1de|120110|69.2603,34.5602|69.237,35.1194|66.02|Kabul
796be250e139db0de57a7d662bbc11c202|120110|69.1655,34.5836|69.3288,35.0472|77.58|Kabul
798a1e9c2f8c1758f3373083facae6d06f|120110|69.1198,34.5159|69.1717,35.0163|77.58|Kabul
7972a74a74654295b867469b637e7d370d|120110|69.2589,34.5642|69.1717,35.0163|77.58|Kabul
79a4c12248043050639d6e5bdd639b6d28|120110|69.2262,34.5098|69.0961,34.209|90.42|Kabul
7912f22642286ece098bf4c6dc236dfc5c|120110|69.1622,34.4363|68.9573,33.8143|90.42|Kabul
79414e9e8c965c6ec398b99a897bab862f|120110|69.1173,34.5725|69.1327,35.0549|77.58|Kabul
79f63177e6452b1818f034caca78c18c42|120110|69.1251,34.5952|69.3238,35.1029|66.02|Kabul
793cbb58cac4dc20dbd4d80b03c3680faa|120110|69.079,34.6073|69.3238,35.1029|66.02|Kabul
79c50285721b87e7d5773909ce2117a655|120110|69.2102,34.5441|69.2954,35.0706|66.02|Kabul
797c49082d64397a06b0802751fa437ee4|120110|69.1264,34.5581|69.1533,34.8442|77.58|Kabul
791752eb01ea92afd6acd2e1d456455d80|120110|69.1192,34.512|69.1679,34.9048|66.02|Kabul
7929b8e334c02e472d89ed51bf7c494ad6|120110|69.0865,34.5876|69.1717,35.0163|77.58|Kabul
7995ecd1f31af7ba883624bb3ae305ede5|120110|69.0989,34.575|69.2954,35.0706|66.02|Kabul
7902e56bc6794f4167cd2dbe33e79a4c89|120110|69.1441,34.5132|68.7131,34.0002|65.38|Kabul
79f0d9f0e47f8659103bbbbcac218ee0ce|120110|69.1534,34.5486|69.1717,35.0163|77.58|Kabul
79dd05336d81b635b913d186740f0737a8|120110|69.3178,34.5222|68.9128,33.9417|65.38|Kabul
79cfefc1a32c455f8b52eab248d3e3e44c|120110|69.1528,34.5588|69.2508,35.0881|77.58|Kabul
792712ea6a3ac6b37cc630d788141dba45|120110|69.2396,34.5057|69.0961,34.209|90.42|Kabul
7903e4259d81a8fc57b4a174e5e07b1c60|120110|69.0232,34.4871|68.9573,33.8143|90.42|Kabul
793d70450e9b163b50d5a66122ed22c00d|120110|69.1387,34.5342|69.1533,34.8442|77.58|Kabul
7914b2b6d99b2b4a0833ed4066fe5ab79d|120110|69.1882,34.5542|69.1881,34.8551|66.02|Kabul
7913eefa1f32951d2c4df2f6927143198d|120110|69.1318,34.5524|69.6481,34.8496|77.58|Kabul
7932e38c00cde8ed4c50e1acb1fc4843a5|120110|69.1411,34.5923|69.1717,35.0163|77.58|Kabul
792abbb9a581f29a15f6758d331f498d9f|120110|69.2621,34.6001|69.0373,35.3146|111.99|Kabul
790cea1a2d701c51cbde562a24eb8d3430|120110|69.2624,34.5455|69.2511,34.9433|77.58|Kabul
79bea605b8587d64092b7890f247df134a|120110|69.0434,34.5334|68.7608,34.0805|65.38|Kabul
79b1ab7929ceb52b16c4e27a46ccec1fce|120110|69.2203,34.5735|69.5991,34.9697|77.58|Kabul
79a07a32d916e3a995e3f69e80f071eae8|120110|69.2132,34.4892|69.1881,34.8551|66.02|Kabul
792e02d90e1b4c08be036af4a17ce78d13|120110|69.1463,34.5512|68.2585,34.8875|50.68|Kabul
79120281442f81906383014c863dc795f8|120110|69.0434,34.5334|68.6574,33.8868|65.38|Kabul
799d590c982c9a7cf5e6ffd241ec097310|120110|69.1342,34.465|69.1327,35.0549|77.58|Kabul
79a0f4e26dd03c5a67ea08c35afbfe4d1f|120110|69.0865,34.5876|68.8438,34.9957|64.76|Kabul
797fab102ede974f3f83dc4137154282fb|120110|69.3116,34.5494|69.1667,35.0031|66.02|Kabul
797ce7195f827fe8f027dc227776f8401c|120110|69.1084,34.5237|69.1881,34.8551|66.02|Kabul
7902de437e3fab95263b1c4b7eb03b5388|120110|69.141,34.4792|68.9573,33.8143|90.42|Kabul
79607ad82962f11edc235cb21a4d54cb14|120110|69.1836,34.5172|69.1757,35.0289|77.58|Kabul
79686f9333314e60b8d261721a459edf43|120110|69.2405,34.5538|69.2653,34.9311|66.02|Kabul
790e5876fe975b652e40f434169d1ba7d8|120110|69.2124,34.4985|68.9128,33.9417|65.38|Kabul
79b474ae82e9a7e853a3afefc991d42ea0|120110|69.1635,34.524|69.2031,34.0085|90.42|Kabul
794994d7e835fb9a003a40bc7d4123de97|120110|69.1589,34.5097|69.3109,34.9914|77.58|Kabul
79db054afce31933602477f47d2df6d539|120110|69.1905,34.5234|69.1978,35.0767|77.58|Kabul
7935fe4da60445afe3e8ead84e995c63cc|120110|69.1373,34.5512|69.0373,35.3146|111.99|Kabul
79413279cc0b57bd74798f1e009b4352d6|120110|69.2237,34.4686|68.9573,33.8143|90.42|Kabul
798d7e71f620750dc2af3ab94b574db1aa|120111|69.3116,34.5494|69.1667,35.0031|66.02|Kabul
79929e62a26b360cc961d707a9b778a98c|120111|69.1368,34.5563|69.0373,35.3146|111.99|Kabul
795dbcd669aa5dc2f4613b3487d6d2646d|120111|69.0865,34.5876|69.4727,35.2762|102.05|Kabul
795ddf12938474598474278a53ab4278c0|120111|69.2396,34.5057|68.9897,35.0326|66.02|Kabul
79a3c70449f902e7e1593b8f0febd40b03|120111|69.1756,34.514|69.0373,35.3146|111.99|Kabul
791960e87b944cc6b396097d66aa3cd658|120111|69.1368,34.5563|68.8438,34.9957|64.76|Kabul
79ce71be1be298ed342de45babf5657528|120111|69.1441,34.5132|69.0373,35.3146|111.99|Kabul
79b9308c282e687357d1bd39ba1e0f59ab|120111|69.1342,34.465|69.1667,35.0031|66.02|Kabul
79470a136917a523e6250ea59832cbad00|120111|69.079,34.6073|69.5991,34.9697|77.58|Kabul
7991f78ed07c78bee72348061b9a86c7da|120111|69.147,34.5834|69.237,35.1194|66.02|Kabul
790f45efaf2cf62e9c219efe925802ddd3|120111|69.147,34.5834|69.3238,35.1029|66.02|Kabul
79cf2a19839a4c753aaedd88eb1aacc9b3|120111|69.2124,34.4985|69.7101,33.9399|97.28|Kabul
79562a14d7e077e0e52f5536cb46081c66|120111|69.2621,34.6001|69.2954,35.0706|66.02|Kabul
79f00aa4edeafe73afb58a7b11444ad01c|120111|69.1756,34.5663|69.3238,35.1029|66.02|Kabul
79b092551479131a395a074e20b9d8b1de|120111|69.2603,34.5602|69.2508,35.0881|77.58|Kabul
796be250e139db0de57a7d662bbc11c202|120111|69.1655,34.5836|69.2511,34.9433|77.58|Kabul
79cc4cfda05eb44e4dd1b97b4434dbaa54|120111|69.1391,34.546|68.8194,34.1512|65.38|Kabul
79eb4bee37d40166256456a563eb0cd145|120111|69.2203,34.5735|69.0373,35.3146|111.99|Kabul
79f1473df984edd92bf305c3cbe313f737|120111|69.1251,34.5952|69.3238,35.1029|66.02|Kabul
79f450354b21c9c5c763df62c9c5285187|120111|69.1378,34.5033|69.4727,35.2762|102.05|Kabul
79f75de6923c1f41d7847f56e7ce6ea6af|120111|69.1566,34.5906|69.3238,35.1029|66.02|Kabul
7927787125038178743c7b884719f62d5c|120111|69.1411,34.5923|69.2949,35.1487|77.58|Kabul
79414e9e8c965c6ec398b99a897bab862f|120111|69.1173,34.5725|69.1327,35.0549|77.58|Kabul
793cbb58cac4dc20dbd4d80b03c3680faa|120111|69.079,34.6073|69.2954,35.0706|66.02|Kabul
79167f6da63aa249a7d429192fdd0591bf|120111|69.0865,34.5876|69.3109,34.9914|77.58|Kabul
79baaba3dba20f12df7de16c820efaa11a|120111|69.1173,34.5725|69.1757,35.0289|77.58|Kabul
79c50285721b87e7d5773909ce2117a655|120111|69.2102,34.5441|69.2954,35.0706|66.02|Kabul
792f92c347219011d7557887e1c4fe5018|120111|69.0989,34.575|69.1533,34.8442|77.58|Kabul
791752eb01ea92afd6acd2e1d456455d80|120111|69.1192,34.512|69.1978,35.0767|77.58|Kabul
7995ecd1f31af7ba883624bb3ae305ede5|120111|69.0989,34.575|69.2954,35.0706|66.02|Kabul
7902e56bc6794f4167cd2dbe33e79a4c89|120111|69.1441,34.5132|68.6608,33.9895|65.38|Kabul
79501f86e60cd773ce3e55c7d10c39a953|120111|69.1822,34.5613|69.1881,34.8551|66.02|Kabul
79f0d9f0e47f8659103bbbbcac218ee0ce|120111|69.1534,34.5486|69.1327,35.0549|77.58|Kabul
793d70450e9b163b50d5a66122ed22c00d|120111|69.1387,34.5342|69.1679,34.9048|66.02|Kabul
797fbfc605350a89b4b1812d85f4fb1b1f|120111|69.1756,34.514|69.0373,35.3146|111.99|Kabul
79f1ce29708c4f3f92b0718ccad02e9b51|120111|69.1694,34.5265|69.3288,35.0472|77.58|Kabul
79afbd97d2f57a2a5d4c8ae26cba54c18e|120111|69.147,34.5834|69.1757,35.0289|77.58|Kabul
79b219edd766ef2a116a3934bee6ecfcae|120111|69.1293,34.5902|69.4727,35.2762|102.05|Kabul
79d409f66021aebc8d84b72dc4ffc7fcba|120111|69.1388,34.5774|69.3226,35.1723|77.58|Kabul
79e1246b5fc9a76d94dfeb388df59b2e89|120111|69.1312,34.5085|69.0373,35.3146|111.99|Kabul
79c7c30af9a87b201ceba90ad9d8b1ce55|120111|69.0623,34.5247|68.5873,34.118|65.38|Kabul
79f5b84ccc7cdd5d7944fab853cdf0a0f5|120111|69.1655,34.5836|69.1717,35.0163|77.58|Kabul
79d66ac4463393e1f423929408ee7b26ee|120111|69.098,34.5242|68.6574,33.8868|65.38|Kabul
7933215619b86ef9a779988176f3a2d566|120111|69.1312,34.5085|69.1539,33.7558|146.01|Kabul
79b54f6e72c1732eefbd88ff5cfb11f293|120111|69.1225,34.565|69.3776,35.2145|102.05|Kabul
79bea605b8587d64092b7890f247df134a|120111|69.0434,34.5334|68.7608,34.0805|65.38|Kabul
79245e1acc60d5dd1d22e3a0161f60e5df|120111|69.1549,34.4792|69.0373,35.3146|111.99|Kabul
79b1ab7929ceb52b16c4e27a46ccec1fce|120111|69.2203,34.5735|69.5991,34.9697|77.58|Kabul
792e02d90e1b4c08be036af4a17ce78d13|120111|69.1463,34.5512|68.8742,34.998|66.51|Kabul
7906fb13d08e5dbacb68c3bfeb01f26fe6|120111|69.1669,34.5358|69.1978,35.0767|77.58|Kabul
79a0f4e26dd03c5a67ea08c35afbfe4d1f|120111|69.0865,34.5876|68.8742,34.998|66.51|Kabul
79a452c526b233ed89beb3dbc62855ecf4|120111|69.1099,34.5001|69.1679,34.9048|66.02|Kabul
797ce7195f827fe8f027dc227776f8401c|120111|69.1084,34.5237|69.1881,34.8551|66.02|Kabul
7902de437e3fab95263b1c4b7eb03b5388|120111|69.141,34.4792|68.9573,33.8143|90.42|Kabul
7939618344e700d7b27d7a9ab25c70f18a|120111|69.1293,34.5902|69.2954,35.0706|66.02|Kabul
79607ad82962f11edc235cb21a4d54cb14|120111|69.1836,34.5172|69.1717,35.0163|77.58|Kabul
7946301ec70486e87013db6a50adc54f44|120111|69.1508,34.5337|69.4727,35.2762|102.05|Kabul
79686f9333314e60b8d261721a459edf43|120111|69.2405,34.5538|69.1679,34.9048|66.02|Kabul
790e5876fe975b652e40f434169d1ba7d8|120111|69.2124,34.4985|69.1539,33.7558|146.01|Kabul
79b474ae82e9a7e853a3afefc991d42ea0|120111|69.1635,34.524|69.0163,34.0081|90.42|Kabul
794994d7e835fb9a003a40bc7d4123de97|120111|69.1589,34.5097|69.3288,35.0472|77.58|Kabul
79db054afce31933602477f47d2df6d539|120111|69.1905,34.5234|69.0373,35.3146|111.99|Kabul
799f3b177d1be5353883b7b2f3a329d850|120111|69.1508,34.5337|69.237,35.1194|66.02|Kabul
