795484758cfb9ed05ea3e305f80253ed6d|120105|69.1925555114,34.5380834331|70.2155,34.6024|113.77|Kabul
797c46abc45ffef59ee4152f85ea7372f9|120105|69.2507824219,34.4902359375|69.7101,33.9399|55.39|Kabul
7919767e0366a849dfee30b38868d3566c|120105|69.1699151659,34.5145614552|69.5991,34.96905|50.93|Kabul
79fd059d9c269039120343ef8a070faa5d|120105|69.1392126747,34.4826049513|68.6274,34.4712|56.91|Kabul
797ac2f8a50913ba1106343d3f8ecfd363|120105|69.3469125,34.5268609375|70.2115,34.6674|96.29|Kabul
7996463b839dba5c9067784f5a82f1e303|120105|69.322625,34.5214125|70.0398,34.5031|79.75|Kabul
79cf1bad7b07f58086982a5d55a79bd761|120105|69.1699151659,34.5145614552|70.0398,34.5031|96.73|Kabul
7934de9db8b56cf757d9e80724a02a58d9|120105|69.322625,34.5214125|70.2155,34.6024|99.33|Kabul
791d0bfcf189f178395c29213f12a89ca1|120105|69.1699151659,34.5145614552|70.2115,34.6674|115.97|Kabul
7905416023386a824bb60080fd69d940d8|120105|69.1699151659,34.5145614552|69.5991,34.96905|50.93|Kabul
79d792bcaa82dbb1a5dfc41dbcf5a798db|120105|69.1925555114,34.5380834331|69.64295,34.86315|51.67|Kabul
79223f3d8fe965ab8e301764a9b18c8b71|120105|69.1392126747,34.4826049513|69.9703,34.2481|92.86|Kabul
790eb4dc94e3b7d05e1319652a45d6029f|120105|69.322625,34.5214125|70.2115,34.6674|99.0|Kabul
7966f28f3e645d4583103ba43e1b634fd0|120105|69.1392126747,34.4826049513|68.68695,33.99485|53.94|Kabul
791c148a5d4cbf3895cb4c76b4327b9d13|120105|69.1699151659,34.5145614552|70.2155,34.6024|116.31|Kabul
79cc7d1575c2d9b607539a123c531a0724|120105|69.1392126747,34.4826049513|70.2115,34.6674|119.45|Kabul
79f26076568474b928277abe7d08cc3582|120105|69.1699151659,34.5145614552|69.771,34.5967|66.91|Kabul
79e0b0ffbbd8e84319236d3462c26aa633|120105|69.1699151659,34.5145614552|70.0398,34.5031|96.73|Kabul
79bdce97d3da792a337dbb5cb8fc9c80af|120105|69.2507824219,34.4902359375|69.9703,34.2481|80.55|Kabul
79eab1627f39373ac0b52289007723d106|120105|69.1699151659,34.5145614552|68.68695,33.99485|57.58|Kabul
790ec7bea4a8b1c5f9acfba7f58569ee67|120105|69.1699151659,34.5145614552|70.0398,34.5031|96.73|Kabul
79f7cac97630a48ede47ecfdbf4cb605cf|120105|69.1392126747,34.4826049513|70.0398,34.5031|100.14|Kabul
7980806456a70e03c0c5f381cea64bb33f|120105|69.2232947266,34.498469043|70.0398,34.5031|90.79|Kabul
79793a6161905c67244973d9f2ff06fb92|120105|69.1589272705,34.5772959473|69.6216,35.0347|54.47|Kabul
79c12037732f4832e1293cf82610bb3d6a|120105|69.1699151659,34.5145614552|69.771,34.5967|66.91|Kabul
7937f73e251edafce20756c75f4bfd43fa|120105|69.1925555114,34.5380834331|69.64295,34.86315|51.67|Kabul
79619409d6fcc01daa70977919cfe8b307|120105|69.1699151659,34.5145614552|69.771,34.5967|66.91|Kabul
79dd05336d81b635b913d186740f0737a8|120105|69.322625,34.5214125|68.9128,33.9417|51.03|Kabul
79b0246226125d09aad84fa08604f3d38c|120105|69.3469125,34.5268609375|70.2115,34.6674|96.29|Kabul
798ea14398525014db6b0b53ddfa519bde|120105|69.0583796875,34.5260835938|70.2115,34.6674|128.34|Kabul
79ff799e829e9bcc346040fecae9e298a8|120105|69.2411476624,34.5756491821|69.771,34.5967|58.92|Kabul
792c54b662ea65bd16b4a7d91da55d3ebf|120105|69.771,34.5967|69.1699151659,34.5145614552|66.91|Kabul
79c7c30af9a87b201ceba90ad9d8b1ce55|120105|69.0583796875,34.5260835938|68.5873,34.118|54.89|Kabul
790b382b097fa4776030948ad6a5ccf133|120105|69.1699151659,34.5145614552|70.218,34.5031|116.54|Kabul
795bf5b1f5f27a51f1b1c8c9953d4aef82|120105|69.0583796875,34.5260835938|69.771,34.5967|79.29|Kabul
79bfe094f7119376658a5b28c78ea0de7e|120105|69.1699151659,34.5145614552|69.64295,34.86315|54.34|Kabul
7979115cd7f84bfce5b395a60479e3b0ed|120105|69.1925555114,34.5380834331|70.2115,34.6674|113.41|Kabul
79e75dd641712c6c40a990f71ef63d33a4|120105|69.1699151659,34.5145614552|69.771,34.5967|66.91|Kabul
79c9aef76b9627ca070fc61629d03daba9|120105|69.2507824219,34.4902359375|70.0398,34.5031|87.74|Kabul
79d1d7fc3ffba73c3aaed764ac7a8420e9|120105|69.1925555114,34.5380834331|70.218,34.5031|114.03|Kabul
791415512e5cf43c5ed9cb3a3dca65d5b3|120105|69.2411476624,34.5756491821|69.771,34.5967|58.92|Kabul
797c46abc45ffef59ee4152f85ea7372f9|120106|69.2507824219,34.4902359375|69.7101,33.9399|55.39|Kabul
7919472014fbac2775faa3a588679d9ed6|120106|69.3469125,34.5268609375|68.6913,34.1557|74.38|Kabul
7975245156e098cd82192fd722738126f0|120106|69.2411476624,34.5756491821|69.771,34.5967|58.92|Kabul
79fd059d9c269039120343ef8a070faa5d|120106|69.1392126747,34.4826049513|68.6274,34.4712|56.91|Kabul
7905416023386a824bb60080fd69d940d8|120106|69.1699151659,34.5145614552|69.5991,34.96905|50.93|Kabul
79d792bcaa82dbb1a5dfc41dbcf5a798db|120106|69.1925555114,34.5380834331|69.64295,34.86315|51.67|Kabul
7966f28f3e645d4583103ba43e1b634fd0|120106|69.1392126747,34.4826049513|68.68695,33.99485|53.94|Kabul
791c148a5d4cbf3895cb4c76b4327b9d13|120106|69.1699151659,34.5145614552|70.2115,34.6674|115.97|Kabul
79cc7d1575c2d9b607539a123c531a0724|120106|69.1392126747,34.4826049513|70.2115,34.6674|119.45|Kabul
79f26076568474b928277abe7d08cc3582|120106|69.1699151659,34.5145614552|70.0398,34.5031|96.73|Kabul
794ee0942dfe2cb86b9a495ed15d99cade|120106|69.2232947266,34.498469043|70.1974,34.2513|108.73|Kabul
798110d68f70ec7e57e10126aeccb93aef|120106|69.2411476624,34.5756491821|70.2115,34.6674|107.96|Kabul
79bdce97d3da792a337dbb5cb8fc9c80af|120106|69.2507824219,34.4902359375|70.1974,34.2513|105.66|Kabul
79eab1627f39373ac0b52289007723d106|120106|69.1699151659,34.5145614552|68.68695,33.99485|57.58|Kabul
79cf2a19839a4c753aaedd88eb1aacc9b3|120106|69.1925555114,34.5380834331|69.7101,33.9399|62.1|Kabul
793a92f3e288e41243b8d72faab9a1ff7d|120106|69.2411476624,34.5756491821|70.0398,34.5031|88.85|Kabul
79946ed75ef99e6472d2a77fc8b7bc5c77|120106|69.090625,34.588|70.1974,34.2513|123.75|Kabul
792fef84add9a6231880eb29e73621b271|120106|69.1392126747,34.4826049513|69.6216,35.0347|57.83|Kabul
79a7e08c1873f24bf45e65cde361a2abe3|120106|69.1699151659,34.5145614552|69.771,34.5967|66.91|Kabul
792e227fb19e910d8afbfcc6717967c2b7|120106|69.2411476624,34.5756491821|70.2115,34.6674|107.96|Kabul
79a0e0ded1bb07c2b6341d606e3f1a5274|120106|69.1392126747,34.4826049513|69.771,34.5967|70.39|Kabul
79f7cac97630a48ede47ecfdbf4cb605cf|120106|69.1392126747,34.4826049513|70.2115,34.6674|119.45|Kabul
79cf38d72ec741406fac7575c669a65569|120106|69.771,34.5967|69.1699151659,34.5145614552|66.91|Kabul
79793a6161905c67244973d9f2ff06fb92|120106|69.1589272705,34.5772959473|69.6216,35.0347|54.47|Kabul
79a3d14c12c5e2cd1617a274d81a7eb840|120106|69.1925555114,34.5380834331|69.771,34.5967|64.36|Kabul
7948f5bbcd9606747d666fbf6646601e31|120106|69.1925555114,34.5380834331|70.0398,34.5031|94.22|Kabul
79c47d6af76ec38047e0ba9125f3767200|120106|69.1925555114,34.5380834331|68.7608,34.0805|51.36|Kabul
792f5bef523b4d1daf3b2120d821d7fda8|120106|69.3469125,34.5268609375|70.1177,34.7348|86.08|Kabul
79619409d6fcc01daa70977919cfe8b307|120106|69.1699151659,34.5145614552|69.771,34.5967|66.91|Kabul
79dd05336d81b635b913d186740f0737a8|120106|69.322625,34.5214125|68.9128,33.9417|51.03|Kabul
79bbaf3a84a2192293edc83efbd51f56a7|120106|69.1699151659,34.5145614552|69.771,34.5967|66.91|Kabul
792c54b662ea65bd16b4a7d91da55d3ebf|120106|69.771,34.5967|69.1589272705,34.5772959473|68.06|Kabul
79c7c30af9a87b201ceba90ad9d8b1ce55|120106|69.0583796875,34.5260835938|68.5873,34.118|54.89|Kabul
7914b87c282b0b89824532a4fb2edd3930|120106|69.2232947266,34.498469043|69.7101,33.9399|58.35|Kabul
7964e44742455dd800b3ea94fb84ce8713|120106|69.1589272705,34.5772959473|69.5991,34.96905|51.29|Kabul
790b382b097fa4776030948ad6a5ccf133|120106|69.1699151659,34.5145614552|70.218,34.5031|116.54|Kabul
797ba3f8222d9740df88af49524084df08|120106|69.1699151659,34.5145614552|70.2115,34.6674|115.97|Kabul
79e1bee38ec394820abfa3e3e2ea4a21a0|120106|69.0232,34.4871|69.64295,34.86315|70.48|Kabul
797f73f8155a9aab7f03c5bc28af93118b|120106|69.1392126747,34.4826049513|68.6274,34.4712|56.91|Kabul
7915a3c615a872e948d39099a64304e0f2|120106|69.0583796875,34.5260835938|68.5873,34.118|54.89|Kabul
79dc6b16b6c688795c519234faab251a54|120106|69.1058,34.732|69.64295,34.86315|59.95|Kabul
79c36c568392faedaa2f8253ee4bb0929b|120106|69.1699151659,34.5145614552|70.0398,34.5031|96.73|Kabul
79c9aef76b9627ca070fc61629d03daba9|120106|69.2507824219,34.4902359375|70.1177,34.7348|96.86|Kabul
7994de1e67e674f74180ca5d664de91dea|120106|69.1925555114,34.5380834331|69.771,34.5967|64.36|Kabul
7900da0c60516935f315fc084052019498|120106|69.2411476624,34.5756491821|70.1974,34.2513|107.06|Kabul
796e6493995cdb5d4d0ba5afd09705498a|120106|69.3469125,34.5268609375|70.2115,34.6674|96.29|Kabul
797c46abc45ffef59ee4152f85ea7372f9|120107|69.2507824219,34.4902359375|69.7101,33.9399|55.39|Kabul
7912ff44fdcb10c961ec8ce1db854eec94|120107|69.2507824219,34.4902359375|70.218,34.5031|107.55|Kabul
79fd059d9c269039120343ef8a070faa5d|120107|69.1392126747,34.4826049513|68.6274,34.4712|56.91|Kabul
79d792bcaa82dbb1a5dfc41dbcf5a798db|120107|69.1925555114,34.5380834331|69.64295,34.86315|51.67|Kabul
7966f28f3e645d4583103ba43e1b634fd0|120107|69.1392126747,34.4826049513|68.68695,33.99485|53.94|Kabul
791c148a5d4cbf3895cb4c76b4327b9d13|120107|69.1699151659,34.5145614552|70.2155,34.6024|116.31|Kabul
79cc7d1575c2d9b607539a123c531a0724|120107|69.1392126747,34.4826049513|70.2115,34.6674|119.45|Kabul
798110d68f70ec7e57e10126aeccb93aef|120107|69.2411476624,34.5756491821|70.2115,34.6674|107.96|Kabul
79c002522c8f07b8055c2cf7526efa3b68|120107|69.2411476624,34.5756491821|70.2115,34.6674|107.96|Kabul
79946ed75ef99e6472d2a77fc8b7bc5c77|120107|69.090625,34.588|70.1974,34.2513|123.75|Kabul
799ecf1f86241464edcbc093a73b0fcf6c|120107|69.2232947266,34.498469043|70.0398,34.5031|90.79|Kabul
7910015f4bebf013123d136eea841f06f1|120107|69.2232947266,34.498469043|69.7101,33.9399|58.35|Kabul
79f7cac97630a48ede47ecfdbf4cb605cf|120107|69.1392126747,34.4826049513|70.2155,34.6024|119.77|Kabul
79cf38d72ec741406fac7575c669a65569|120107|69.771,34.5967|69.1699151659,34.5145614552|66.91|Kabul
798a4b4735619c28e8c8f19ee63f93c3cd|120107|69.1925555114,34.5380834331|69.771,34.5967|64.36|Kabul
794dc1256209d8ee29ccab7496d7055a3f|120107|69.1699151659,34.5145614552|70.2115,34.6674|115.97|Kabul
79cb282a5e2c2016625aeeb7c42a921216|120107|69.2411476624,34.5756491821|70.0398,34.5031|88.85|Kabul
7937f73e251edafce20756c75f4bfd43fa|120107|69.1925555114,34.5380834331|69.64295,34.86315|51.67|Kabul
7902e56bc6794f4167cd2dbe33e79a4c89|120107|69.1699151659,34.5145614552|68.68695,33.99485|57.58|Kabul
792f5bef523b4d1daf3b2120d821d7fda8|120107|69.3469125,34.5268609375|70.2115,34.6674|96.29|Kabul
79619409d6fcc01daa70977919cfe8b307|120107|69.1699151659,34.5145614552|69.771,34.5967|66.91|Kabul
79dd05336d81b635b913d186740f0737a8|120107|69.322625,34.5214125|68.8054,34.0101|61.0|Kabul
79dcb40b65a33e933dcd076c5c565cfd82|120107|69.1925555114,34.5380834331|68.6574,33.8868|64.95|Kabul
798ea14398525014db6b0b53ddfa519bde|120107|69.0583796875,34.5260835938|69.771,34.5967|79.29|Kabul
792c54b662ea65bd16b4a7d91da55d3ebf|120107|69.771,34.5967|69.1589272705,34.5772959473|68.06|Kabul
7982f1f1159aff30bbb1e76cbc544fcd47|120107|69.1392126747,34.4826049513|69.5879,34.5689|50.01|Kabul
79c7c30af9a87b201ceba90ad9d8b1ce55|120107|69.0583796875,34.5260835938|68.5873,34.118|54.89|Kabul
7914b87c282b0b89824532a4fb2edd3930|120107|69.2232947266,34.498469043|69.7101,33.9399|58.35|Kabul
7964e44742455dd800b3ea94fb84ce8713|120107|69.1589272705,34.5772959473|69.6216,35.0347|54.47|Kabul
790b382b097fa4776030948ad6a5ccf133|120107|69.1699151659,34.5145614552|69.771,34.5967|66.91|Kabul
79e7c38287ff67df678d1a76e54a8e2175|120107|69.1699151659,34.5145614552|70.218,34.5031|116.54|Kabul
797f73f8155a9aab7f03c5bc28af93118b|120107|69.1392126747,34.4826049513|68.6274,34.4712|56.91|Kabul
79280f7f01d089cce0f5c3d5eec7a56a08|120107|69.1699151659,34.5145614552|70.0398,34.5031|96.73|Kabul
796e6493995cdb5d4d0ba5afd09705498a|120107|69.3469125,34.5268609375|70.2115,34.6674|96.29|Kabul
797c46abc45ffef59ee4152f85ea7372f9|120108|69.2507824219,34.4902359375|69.7101,33.9399|55.39|Kabul
792344cd3d26a6facc3349dca0f5659355|120108|69.1699151659,34.5145614552|69.7101,33.9399|64.12|Kabul
7934de9db8b56cf757d9e80724a02a58d9|120108|69.322625,34.5214125|70.2115,34.6674|99.0|Kabul
79d792bcaa82dbb1a5dfc41dbcf5a798db|120108|69.1925555114,34.5380834331|69.64295,34.86315|51.67|Kabul
7966f28f3e645d4583103ba43e1b634fd0|120108|69.1392126747,34.4826049513|68.68695,33.99485|53.94|Kabul
791c148a5d4cbf3895cb4c76b4327b9d13|120108|69.1699151659,34.5145614552|70.2155,34.6024|116.31|Kabul
79130ee4990adb2fe5d75ef594d7ce55eb|120108|69.1392126747,34.4826049513|70.0398,34.5031|100.14|Kabul
79c002522c8f07b8055c2cf7526efa3b68|120108|69.2411476624,34.5756491821|69.771,34.5967|58.92|Kabul
79946ed75ef99e6472d2a77fc8b7bc5c77|120108|69.090625,34.588|70.1974,34.2513|123.75|Kabul
79cf38d72ec741406fac7575c669a65569|120108|69.771,34.5967|68.7634,34.3597|112.43|Kabul
794dc1256209d8ee29ccab7496d7055a3f|120108|69.1699151659,34.5145614552|70.2115,34.6674|115.97|Kabul
79a7d38aa37d504f23c6bba1a8bd7c3924|120108|69.2232947266,34.498469043|69.771,34.5967|61.02|Kabul
7902e56bc6794f4167cd2dbe33e79a4c89|120108|69.1699151659,34.5145614552|68.68695,33.99485|57.58|Kabul
79b14ff5e9747517596d7422b8183a9781|120108|69.2507824219,34.4902359375|70.218,34.5031|107.55|Kabul
792f5bef523b4d1daf3b2120d821d7fda8|120108|69.3469125,34.5268609375|70.2115,34.6674|96.29|Kabul
79dd05336d81b635b913d186740f0737a8|120108|69.322625,34.5214125|68.9128,33.9417|51.03|Kabul
79b0246226125d09aad84fa08604f3d38c|120108|69.3469125,34.5268609375|70.0398,34.5031|77.05|Kabul
792c54b662ea65bd16b4a7d91da55d3ebf|120108|69.771,34.5967|69.1589272705,34.5772959473|68.06|Kabul
7982f1f1159aff30bbb1e76cbc544fcd47|120108|69.1392126747,34.4826049513|70.0398,34.5031|100.14|Kabul
7914b87c282b0b89824532a4fb2edd3930|120108|69.2232947266,34.498469043|69.7101,33.9399|58.35|Kabul
791d4364ea218e7e83be04db94d31e5e5b|120108|69.1699151659,34.5145614552|70.218,34.5031|116.54|Kabul
7933215619b86ef9a779988176f3a2d566|120108|69.1699151659,34.5145614552|69.7101,33.9399|64.12|Kabul
792e02d90e1b4c08be036af4a17ce78d13|120108|69.1699151659,34.5145614552|68.2585,34.8875|102.46|Kabul
7979115cd7f84bfce5b395a60479e3b0ed|120108|69.1925555114,34.5380834331|70.0398,34.5031|94.22|Kabul
7909e2c5a8a8237549900e138ad9500104|120108|69.1699151659,34.5145614552|69.5991,34.96905|50.93|Kabul
795484758cfb9ed05ea3e305f80253ed6d|120109|69.1925555114,34.5380834331|70.0398,34.5031|94.22|Kabul
792344cd3d26a6facc3349dca0f5659355|120109|69.1699151659,34.5145614552|69.7101,33.9399|64.12|Kabul
79cf1bad7b07f58086982a5d55a79bd761|120109|69.1699151659,34.5145614552|69.64295,34.86315|54.34|Kabul
79d792bcaa82dbb1a5dfc41dbcf5a798db|120109|69.1925555114,34.5380834331|69.64295,34.86315|51.67|Kabul
791c148a5d4cbf3895cb4c76b4327b9d13|120109|69.1699151659,34.5145614552|70.2155,34.6024|116.31|Kabul
79130ee4990adb2fe5d75ef594d7ce55eb|120109|69.1392126747,34.4826049513|69.5879,34.5689|50.01|Kabul
79c002522c8f07b8055c2cf7526efa3b68|120109|69.2411476624,34.5756491821|70.218,34.5031|108.66|Kabul
79946ed75ef99e6472d2a77fc8b7bc5c77|120109|69.090625,34.588|70.1974,34.2513|123.75|Kabul
799ecf1f86241464edcbc093a73b0fcf6c|120109|69.2232947266,34.498469043|69.771,34.5967|61.02|Kabul
79cf38d72ec741406fac7575c669a65569|120109|69.771,34.5967|68.7634,34.3597|112.43|Kabul
794dc1256209d8ee29ccab7496d7055a3f|120109|69.1699151659,34.5145614552|70.2115,34.6674|115.97|Kabul
7912fe6b65f6d88637aef5d16238109913|120109|69.1699151659,34.5145614552|70.0398,34.5031|96.73|Kabul
7902e56bc6794f4167cd2dbe33e79a4c89|120109|69.1699151659,34.5145614552|68.68695,33.99485|57.58|Kabul
79b14ff5e9747517596d7422b8183a9781|120109|69.2507824219,34.4902359375|70.2115,34.6674|107.04|Kabul
792f5bef523b4d1daf3b2120d821d7fda8|120109|69.3469125,34.5268609375|70.2115,34.6674|96.29|Kabul
79dd05336d81b635b913d186740f0737a8|120109|69.322625,34.5214125|68.9128,33.9417|51.03|Kabul
797eac18bbb6a3c7d03730d830b833cbad|120109|69.2507824219,34.4902359375|69.771,34.5967|57.99|Kabul
79ff799e829e9bcc346040fecae9e298a8|120109|69.2411476624,34.5756491821|69.771,34.5967|58.92|Kabul
792c54b662ea65bd16b4a7d91da55d3ebf|120109|69.771,34.5967|69.1589272705,34.5772959473|68.06|Kabul
7964e44742455dd800b3ea94fb84ce8713|120109|69.1589272705,34.5772959473|69.5991,34.96905|51.29|Kabul
79054da7b5ef5e5efd814dc905813aaaea|120109|69.3469125,34.5268609375|68.8054,34.0101|63.61|Kabul
79bfe094f7119376658a5b28c78ea0de7e|120109|69.1699151659,34.5145614552|69.64295,34.86315|54.34|Kabul
79dc6b16b6c688795c519234faab251a54|120109|69.1058,34.732|69.771,34.5967|74.16|Kabul
794727b44a7eda3d1e54a74aa8495754ce|120109|69.2507824219,34.4902359375|70.218,34.5031|107.55|Kabul
7909e2c5a8a8237549900e138ad9500104|120109|69.1699151659,34.5145614552|69.5991,34.96905|50.93|Kabul
79c474d4450083846679d16c5563f22753|120109|69.2232947266,34.498469043|68.7639,34.4634|51.1|Kabul
7985324683db7dcc8dffdb0f1c8e833155|120109|69.3469125,34.5268609375|68.9419,33.8085|53.26|Kabul
798dca148b9b65b873ae37e3b4a689f8d5|120109|69.0583796875,34.5260835938|69.771,34.5967|79.29|Kabul
7934de9db8b56cf757d9e80724a02a58d9|120110|69.322625,34.5214125|70.2155,34.6024|99.33|Kabul
79dceef95bb0b9ce7df528157d15d014fc|120110|69.2411476624,34.5756491821|68.68695,33.99485|65.84|Kabul
79e782f9df81c94c4b9d92afd67d80b474|120110|69.0735,34.6704|70.0398,34.5031|107.64|Kabul
7940f5c315d5c0c65239820eb73930cf6f|120110|69.2411476624,34.5756491821|69.771,34.5967|58.92|Kabul
7928d9dc3aa0a71ddb106e8a092a73ec69|120110|69.1699151659,34.5145614552|69.771,34.5967|66.91|Kabul
79f26076568474b928277abe7d08cc3582|120110|69.1699151659,34.5145614552|69.771,34.5967|66.91|Kabul
79c002522c8f07b8055c2cf7526efa3b68|120110|69.2411476624,34.5756491821|70.2155,34.6024|108.35|Kabul
79561c1f457c3f58cf23d4e553eea3dbf4|120110|69.2507824219,34.4902359375|69.771,34.5967|57.99|Kabul
79cf38d72ec741406fac7575c669a65569|120110|69.771,34.5967|68.7634,34.3597|112.43|Kabul
794dc1256209d8ee29ccab7496d7055a3f|120110|69.1699151659,34.5145614552|70.2115,34.6674|115.97|Kabul
7937f73e251edafce20756c75f4bfd43fa|120110|69.1925555114,34.5380834331|69.64295,34.86315|51.67|Kabul
79c116a51d87f37f058befb1356ceed6e3|120110|69.3469125,34.5268609375|70.2115,34.6674|96.29|Kabul
7902e56bc6794f4167cd2dbe33e79a4c89|120110|69.1699151659,34.5145614552|68.68695,33.99485|57.58|Kabul
79b14ff5e9747517596d7422b8183a9781|120110|69.2507824219,34.4902359375|70.0398,34.5031|87.74|Kabul
792f5bef523b4d1daf3b2120d821d7fda8|120110|69.3469125,34.5268609375|70.1177,34.7348|86.08|Kabul
79dd05336d81b635b913d186740f0737a8|120110|69.322625,34.5214125|68.9128,33.9417|51.03|Kabul
7913eefa1f32951d2c4df2f6927143198d|120110|69.1699151659,34.5145614552|69.64295,34.86315|54.34|Kabul
792c54b662ea65bd16b4a7d91da55d3ebf|120110|69.771,34.5967|69.1925555114,34.5380834331|64.36|Kabul
79b0ece6e72cd96400ead1d105845bb372|120110|69.1925555114,34.5380834331|70.218,34.5031|114.03|Kabul
793ef3fe8da5af075af4b5013f4dd1cfbf|120110|69.2411476624,34.5756491821|70.0398,34.5031|88.85|Kabul
79e1bee38ec394820abfa3e3e2ea4a21a0|120110|69.0232,34.4871|69.64295,34.86315|70.48|Kabul
792e02d90e1b4c08be036af4a17ce78d13|120110|69.1699151659,34.5145614552|68.2585,34.8875|102.46|Kabul
79120281442f81906383014c863dc795f8|120110|69.0583796875,34.5260835938|68.6574,33.8868|51.43|Kabul
79eee9672dea94492ec7835fc6a94d79d2|120110|69.1699151659,34.5145614552|69.6216,35.0347|54.19|Kabul
790b0224d622ff9b7d3bbf94b3efcd45a4|120110|69.2232947266,34.498469043|70.2115,34.6674|110.08|Kabul
79c9aef76b9627ca070fc61629d03daba9|120110|69.2507824219,34.4902359375|70.2115,34.6674|107.04|Kabul
795dbcd669aa5dc2f4613b3487d6d2646d|120111|69.090625,34.588|69.4727,35.2762|50.38|Kabul
79ce9ce22db7dba78641e1a0813fbbfc19|120111|69.2745,34.4694|70.0398,34.5031|85.11|Kabul
79fdc5b5133b1ed9fb459a1870e1739a58|120111|69.1699151659,34.5145614552|70.0398,34.5031|96.73|Kabul
79470a136917a523e6250ea59832cbad00|120111|69.090625,34.588|69.5991,34.96905|58.48|Kabul
79c002522c8f07b8055c2cf7526efa3b68|120111|69.2411476624,34.5756491821|70.2115,34.6674|107.96|Kabul
79cf2a19839a4c753aaedd88eb1aacc9b3|120111|69.1925555114,34.5380834331|69.7101,33.9399|62.1|Kabul
79561c1f457c3f58cf23d4e553eea3dbf4|120111|69.2507824219,34.4902359375|69.771,34.5967|57.99|Kabul
79180912237857288d97a05506559f0fce|120111|69.2507824219,34.4902359375|69.771,34.5967|57.99|Kabul
79946ed75ef99e6472d2a77fc8b7bc5c77|120111|69.090625,34.588|70.1974,34.2513|123.75|Kabul
798f3fde00381a94875071791c3ba4bac0|120111|69.1699151659,34.5145614552|69.771,34.5967|66.91|Kabul
79cf38d72ec741406fac7575c669a65569|120111|69.771,34.5967|68.7634,34.3597|112.43|Kabul
7918de77b3548adf4bbf83e020edec3d35|120111|69.1925555114,34.5380834331|70.0398,34.5031|94.22|Kabul
794dc1256209d8ee29ccab7496d7055a3f|120111|69.1699151659,34.5145614552|70.2115,34.6674|115.97|Kabul
79f3f2a72a93ee8c2368c8b27bd2d95584|120111|69.1392126747,34.4826049513|69.771,34.5967|70.39|Kabul
7950751b576d83cb8ee538be62d0018c4e|120111|69.1699151659,34.5145614552|69.771,34.5967|66.91|Kabul
7937f73e251edafce20756c75f4bfd43fa|120111|69.1925555114,34.5380834331|69.64295,34.86315|51.67|Kabul
79c116a51d87f37f058befb1356ceed6e3|120111|69.3469125,34.5268609375|70.2115,34.6674|96.29|Kabul
7902e56bc6794f4167cd2dbe33e79a4c89|120111|69.1699151659,34.5145614552|68.68695,33.99485|57.58|Kabul
79b14ff5e9747517596d7422b8183a9781|120111|69.2507824219,34.4902359375|69.771,34.5967|57.99|Kabul
792f5bef523b4d1daf3b2120d821d7fda8|120111|69.3469125,34.5268609375|70.2115,34.6674|96.29|Kabul
7924470c0b4cdf0dc25e76d48b4aaa3911|120111|69.1925555114,34.5380834331|70.1974,34.2513|112.28|Kabul
7913eefa1f32951d2c4df2f6927143198d|120111|69.1699151659,34.5145614552|69.64295,34.86315|54.34|Kabul
792c54b662ea65bd16b4a7d91da55d3ebf|120111|69.771,34.5967|69.1699151659,34.5145614552|66.91|Kabul
79c7c30af9a87b201ceba90ad9d8b1ce55|120111|69.0583796875,34.5260835938|68.5873,34.118|54.89|Kabul
79d66ac4463393e1f423929408ee7b26ee|120111|69.1392126747,34.4826049513|68.6574,33.8868|58.64|Kabul
79c5f158670fd8a2d33bf20da732138a02|120111|69.2507824219,34.4902359375|70.0398,34.5031|87.74|Kabul
792b4efd4b72a08820c6895b6a1ab48df8|120111|69.1589272705,34.5772959473|70.2115,34.6674|117.09|Kabul
79ef65b5aa068eb64c805430b39b72274d|120111|69.1699151659,34.5145614552|70.2115,34.6674|115.97|Kabul
79dc6b16b6c688795c519234faab251a54|120111|69.1058,34.732|70.218,34.5031|123.99|Kabul
790b0224d622ff9b7d3bbf94b3efcd45a4|120111|69.2232947266,34.498469043|70.1177,34.7348|99.87|Kabul
7979115cd7f84bfce5b395a60479e3b0ed|120111|69.1925555114,34.5380834331|70.218,34.5031|114.03|Kabul
7954e01fa0f3496e923c6d4b0b5e25427b|120111|69.1589272705,34.5772959473|70.0398,34.5031|97.99|Kabul
796e6493995cdb5d4d0ba5afd09705498a|120111|69.3469125,34.5268609375|70.0398,34.5031|77.05|Kabul
